[
[0, 4185],
[1, 4434],
[2, 4564],
[3, 4534],
[4, 4502],
[5, 4425],
[6, 4391],
[7, 4291],
[8, 4177],
[9, 4115],
[10, 4071],
[11, 3559],
[12, 3382],
[13, 3236],
[14, 3210],
[15, 3169],
[16, 3158],
[17, 3186],
[18, 3153],
[19, 3117],
[20, 3089],
[21, 2759],
[22, 2452],
[23, 2182],
[24, 2021],
[25, 1812],
[26, 1607],
[27, 1455],
[28, 1309],
[29, 744],
[30, 488],
[31, 351],
[32, 282],
[33, 232],
[34, 178],
[35, 162],
[36, 140],
[37, 130],
[38, 69],
[39, 46],
[40, 35],
[41, 28],
[42, 24],
[43, 19],
[44, 17],
[45, 15],
[46, 12],
[47, 6],
[48, 3],
[49, 2],
[50,0],
[51,0],
[52,0]
]